0 0.458074 0.759095 0.0522766 0.0487177 0.891271
0 0.739178 0.264781 0.0382775 0.0342132 0.889578
0 0.355779 0.295842 0.0449859 0.0409847 0.886478
0 0.29252 0.0659675 0.167649 0.131935 0.88239
0 0.705354 0.546977 0.174188 0.170038 0.882142
0 0.100008 0.846052 0.0391042 0.0353639 0.87066
0 0.249775 0.860954 0.0640775 0.0583068 0.869091
0 0.457786 0.885743 0.0358034 0.0318322 0.865299
0 0.869409 0.579333 0.0468605 0.043664 0.861227
0 0.916407 0.952554 0.0385449 0.0351207 0.859586
0 0.557326 0.864182 0.0518963 0.046721 0.859177
0 0.458913 0.163275 0.0356902 0.0309501 0.858557
0 0.412729 0.66258 0.0493314 0.0463341 0.857941
0 0.898415 0.754925 0.0582924 0.0556188 0.856017
0 0.983729 0.606613 0.0325429 0.0362631 0.855381
0 0.333772 0.415668 0.0370841 0.0322239 0.855128
0 0.0482449 0.823732 0.0467265 0.0421045 0.848546
0 0.264103 0.390534 0.0450622 0.0403011 0.84472
0 0.670313 0.234987 0.0397291 0.0350112 0.84384
0 0.359448 0.211559 0.0491018 0.0435497 0.84383
0 0.837389 0.952876 0.0476663 0.0426242 0.843417
0 0.527425 0.370034 0.0444592 0.0405684 0.841243
0 0.323765 0.746973 0.0488397 0.0463405 0.841088
0 0.380715 0.567773 0.0663351 0.0618026 0.840199
0 0.33416 0.325338 0.0345866 0.0300063 0.838321
0 0.0161477 0.719812 0.031777 0.0403514 0.836182
0 0.581438 0.933263 0.0483408 0.0446204 0.836134
0 0.113943 0.240428 0.105301 0.0978296 0.836028
0 0.706071 0.110817 0.058302 0.054157 0.835328
0 0.900361 0.47375 0.0410244 0.0364018 0.834771
0 0.535693 0.756832 0.0365155 0.0330311 0.83403
0 0.919618 0.819328 0.0328341 0.0287825 0.833527
0 0.64689 0.720871 0.0946782 0.0877638 0.83342
0 0.863696 0.314105 0.047874 0.0441477 0.83265
0 0.861332 0.908155 0.0623217 0.0594602 0.83143
0 0.801296 0.745811 0.0527732 0.0504695 0.830724
0 0.331504 0.619887 0.0490518 0.0452282 0.829076
0 0.667037 0.938458 0.0528879 0.0475624 0.827618
0 0.0917135 0.948377 0.0461755 0.0430176 0.826053
0 0.671589 0.33998 0.0901747 0.0833488 0.824992
0 0.800258 0.406382 0.0487075 0.044637 0.824632
0 0.864574 0.658639 0.0630934 0.058881 0.824424
0 0.416557 0.891417 0.277633 0.215852 0.822963
0 0.420121 0.373089 0.0391848 0.0346071 0.821888
0 0.298036 0.652961 0.0351001 0.0300817 0.821093
0 0.946422 0.0576673 0.0727372 0.0686141 0.82101
0 0.0445695 0.974076 0.045162 0.0405777 0.820759
0 0.785969 0.132334 0.0323157 0.0291111 0.818345
0 0.89583 0.369371 0.0733882 0.0694768 0.809778
0 0.195559 0.28894 0.0363952 0.0327518 0.808905
0 0.958192 0.654975 0.0383416 0.0322742 0.808489
0 0.729297 0.908532 0.0355999 0.0307556 0.807168
0 0.440151 0.309177 0.043975 0.0405248 0.806443
0 0.701884 0.828131 0.0336375 0.0300379 0.805188
0 0.767809 0.976322 0.0434265 0.0408804 0.798393
0 0.698447 0.780468 0.095335 0.0935223 0.79765
0 0.605922 0.0302456 0.0392854 0.0339382 0.794947
0 0.109202 0.415736 0.0774107 0.075857 0.794472
0 0.422873 0.143529 0.0342021 0.0311123 0.791934
0 0.770962 0.678781 0.0680437 0.0631778 0.791513
0 0.632206 0.140506 0.118562 0.119581 0.788976
0 0.460852 0.648351 0.0339129 0.0311661 0.784001
0 0.63716 0.985183 0.0495862 0.0296342 0.780664
0 0.481905 0.408851 0.0381033 0.0337147 0.778566
0 0.747904 0.641534 0.0517936 0.0479088 0.775952
0 0.879856 0.443355 0.0324893 0.0303936 0.775647
0 0.700597 0.416467 0.0359799 0.0320182 0.774714
0 0.672094 0.381965 0.03895 0.0338987 0.76933
0 0.834274 0.0686197 0.0314127 0.0278055 0.763991
0 0.595963 0.976728 0.0486329 0.0441233 0.761383
0 0.114687 0.0943564 0.182713 0.171788 0.75659
0 0.0658295 0.0339563 0.124433 0.067433 0.755399
0 0.601644 0.103177 0.0548863 0.0507904 0.751194
0 0.545908 0.101645 0.0376184 0.0332855 0.748181
0 0.132449 0.964465 0.0315917 0.0269635 0.748057
0 0.231196 0.38935 0.0323244 0.028758 0.74104
0 0.396022 0.395485 0.0323196 0.0278066 0.736355
0 0.158924 0.691023 0.06279 0.0556934 0.728549
0 0.452937 0.449403 0.049538 0.0502933 0.727092
0 0.907377 0.864127 0.0731475 0.0665338 0.725424
0 0.0283826 0.650254 0.0308163 0.0287063 0.72316
0 0.750423 0.0639123 0.0508621 0.0477232 0.708171
0 0.558286 0.261544 0.177833 0.179071 0.706263
0 0.970331 0.458516 0.0330043 0.0302699 0.70553
0 0.812359 0.817826 0.112441 0.1069 0.703978
0 0.246072 0.272325 0.0692626 0.0654838 0.698478
0 0.928395 0.26082 0.141387 0.154579 0.698181
0 0.183128 0.840552 0.172477 0.167829 0.662006
0 0.535596 0.423137 0.0310658 0.0288025 0.653513
0 0.748494 0.867593 0.0350053 0.0326602 0.651905
0 0.442932 0.410739 0.0353783 0.032885 0.647785
0 0.13079 0.69607 0.0302308 0.0294549 0.643099
0 0.773995 0.31897 0.0540147 0.0519887 0.637264
0 0.429382 0.267057 0.0312477 0.0284437 0.630994
0 0.848216 0.348489 0.0377197 0.034727 0.627683
0 0.0117837 0.975905 0.0229138 0.0444039 0.620677
0 0.0176869 0.060539 0.03519 0.0539797 0.615896
0 0.988351 0.36198 0.0232973 0.0287298 0.596741
0 0.285113 0.941006 0.0458093 0.0437406 0.594203
0 0.0965409 0.147796 0.032996 0.0306462 0.58567
0 0.473249 0.914195 0.0309865 0.0271305 0.582377
0 0.944133 0.166187 0.0385556 0.0345881 0.581254
0 0.931358 0.711752 0.0295858 0.0276294 0.569716
0 0.849104 0.75788 0.0298811 0.0279853 0.56775
0 0.462342 0.123335 0.054103 0.0500122 0.56649
0 0.36614 0.399462 0.0301306 0.0272165 0.559568
0 0.971485 0.270293 0.0347528 0.0328658 0.555454
0 0.213074 0.793337 0.0293376 0.026264 0.554347
0 0.79669 0.235188 0.0297213 0.0258823 0.552211
0 0.690248 0.901803 0.0397447 0.0353643 0.541295
0 0.01176 0.12815 0.0224522 0.0621278 0.524844
0 0.708904 0.982856 0.0659761 0.0342875 0.522372
0 0.480824 0.0633232 0.245439 0.126646 0.514918
0 0.330459 0.491259 0.0295718 0.0265963 0.503519
0 0.539906 0.541961 0.117496 0.105186 0.496836
0 0.0896508 0.796169 0.0332992 0.0310421 0.470306
0 0.745027 0.394618 0.0787247 0.0789412 0.469978
0 0.043643 0.873293 0.0358893 0.0300829 0.447271
0 0.766951 0.914335 0.0304422 0.0277483 0.436501
0 0.684391 0.661391 0.0356779 0.0321592 0.427407
0 0.879738 0.981224 0.0911167 0.0375521 0.412107
0 0.245426 0.749781 0.0427315 0.0394323 0.402817
0 0.978778 0.10604 0.0424434 0.0619901 0.400806
0 0.34488 0.666624 0.0447613 0.0430967 0.399256
0 0.234082 0.243136 0.0442664 0.0400689 0.394774
0 0.280603 0.33982 0.0483844 0.0471705 0.392559
0 0.774386 0.0312035 0.0331619 0.0318124 0.360638
0 0.344824 0.87291 0.0329182 0.030071 0.346037
0 0.181154 0.258871 0.030418 0.0286702 0.335544
0 0.347856 0.991536 0.0432526 0.0169282 0.335414
0 0.0275218 0.94765 0.0291768 0.0262721 0.327484
0 0.919541 0.524036 0.150149 0.140752 0.316673
0 0.15304 0.158193 0.0353161 0.0338634 0.301037
0 0.416451 0.42597 0.0276154 0.0258976 0.294338
0 0.159151 0.316551 0.0315866 0.0291623 0.289577
0 0.56974 0.274679 0.0410672 0.0391175 0.282768
0 0.928387 0.117757 0.029593 0.0278216 0.275445
0 0.211273 0.369797 0.02944 0.0282851 0.261457
0 0.981729 0.394855 0.0365429 0.0441999 0.260172
0 0.032013 0.218895 0.0635314 0.0897777 0.258986
0 0.492077 0.876744 0.0403073 0.0369383 0.254013
0 0.0791363 0.868939 0.0291928 0.0252736 0.23013
0 0.294172 0.73536 0.0263473 0.0239508 0.228801
0 0.980604 0.422391 0.0387915 0.048695 0.228232
0 0.406448 0.714048 0.0277965 0.026148 0.218925
0 0.0355855 0.298045 0.071171 0.0810592 0.214456
0 0.114491 0.394828 0.0570009 0.050576 0.212757
0 0.591152 0.358055 0.0533599 0.0512588 0.198924
0 0.626317 0.870379 0.0905311 0.0896795 0.197631
0 0.974345 0.910519 0.0513104 0.138653 0.19728
0 0.799986 0.276504 0.0282948 0.025458 0.195003
0 0.919854 0.893947 0.0266011 0.0243149 0.191635
0 0.903317 0.397467 0.0308506 0.0279779 0.188728
0 0.0488915 0.417594 0.0350586 0.0335355 0.187755
0 0.181797 0.402216 0.0527664 0.0493983 0.176876
0 0.877343 0.295164 0.0302258 0.0277641 0.168719
0 0.493748 0.0731404 0.0278459 0.0253623 0.163445
0 0.00897568 0.354363 0.0169037 0.0428022 0.163277
0 0.515704 0.0544715 0.0316727 0.028105 0.163076
0 0.947516 0.409438 0.0281248 0.0258644 0.157891
0 0.377555 0.618361 0.0306259 0.0266962 0.150935
