0 0.512254 0.401764 0.0357289 0.0300533 0.885412
0 0.725826 0.701623 0.0426739 0.0383521 0.884373
0 0.880716 0.566384 0.171695 0.16513 0.880736
0 0.251689 0.198183 0.0524271 0.048736 0.877655
0 0.707884 0.237928 0.182499 0.17235 0.87082
0 0.639063 0.118266 0.0383117 0.034672 0.869427
0 0.470497 0.635206 0.0446312 0.041249 0.867871
0 0.180044 0.582357 0.0498042 0.0453215 0.867019
0 0.349198 0.110584 0.176829 0.171573 0.866224
0 0.41452 0.412311 0.0581244 0.0539865 0.864061
0 0.0506061 0.754715 0.0591599 0.0569301 0.862288
0 0.0691906 0.952726 0.0397952 0.0355937 0.857167
0 0.205851 0.487497 0.0321814 0.0275291 0.856705
0 0.628834 0.506874 0.0350606 0.0315363 0.854699
0 0.635174 0.798997 0.0591201 0.0529313 0.853451
0 0.393739 0.235161 0.0404043 0.0367756 0.851465
0 0.400884 0.577109 0.0518426 0.0486363 0.851088
0 0.55901 0.934546 0.0420423 0.0376983 0.844038
0 0.0228042 0.579765 0.0455039 0.045805 0.84378
0 0.706476 0.0417345 0.0295637 0.0254709 0.842574
0 0.110532 0.6547 0.0382935 0.0323417 0.842371
0 0.541088 0.068932 0.0347998 0.0309631 0.841733
0 0.484034 0.589113 0.0361422 0.0313463 0.841638
0 0.29077 0.904887 0.0397726 0.0355785 0.840942
0 0.790499 0.918555 0.0366546 0.0334589 0.839924
0 0.413908 0.68885 0.0556224 0.0506365 0.838085
0 0.141096 0.608966 0.0416807 0.0378356 0.835745
0 0.0718751 0.819603 0.0329678 0.029155 0.835058
0 0.464031 0.924027 0.0372138 0.0338311 0.834173
0 0.334594 0.693869 0.0894784 0.0842688 0.833947
0 0.0194846 0.314554 0.0389693 0.0405331 0.833237
0 0.673208 0.481219 0.0355489 0.0312132 0.832926
0 0.575961 0.775168 0.0605507 0.0556598 0.831528
0 0.797 0.986372 0.0437789 0.0272567 0.831339
0 0.440222 0.29962 0.0396878 0.0364195 0.827453
0 0.887934 0.023147 0.0506124 0.0444302 0.826767
0 0.53608 0.541488 0.0357184 0.0321729 0.82625
0 0.890125 0.244007 0.0353081 0.0312997 0.824226
0 0.383977 0.858422 0.0330204 0.0286508 0.823021
0 0.892492 0.449181 0.0457124 0.0416148 0.82017
0 0.481744 0.770478 0.035956 0.0316362 0.819619
0 0.87153 0.724989 0.0742632 0.0692588 0.819555
0 0.535748 0.162541 0.0309086 0.027935 0.818202
0 0.0982502 0.0576602 0.0739008 0.0677452 0.818196
0 0.288536 0.403184 0.0339768 0.0300994 0.817177
0 0.230732 0.119838 0.0899647 0.0820087 0.816523
0 0.942705 0.0520432 0.100119 0.0907148 0.816351
0 0.424271 0.205151 0.0541381 0.0499019 0.815841
0 0.271127 0.942677 0.0496742 0.0434515 0.815802
0 0.98762 0.454733 0.024761 0.0323541 0.815522
0 0.819751 0.939814 0.0501595 0.047549 0.813878
0 0.653556 0.952939 0.0412949 0.0386355 0.813829
0 0.625413 0.554851 0.0438509 0.0416451 0.811761
0 0.0524302 0.474352 0.0411294 0.0367447 0.811087
0 0.671746 0.986261 0.0347574 0.0274783 0.81073
0 0.855755 0.815949 0.0549765 0.0541494 0.807024
0 0.951687 0.263758 0.0331683 0.0297332 0.806829
0 0.122004 0.457936 0.0340831 0.0302243 0.80678
0 0.712953 0.733528 0.0338719 0.0290145 0.806692
0 0.225575 0.966335 0.0895724 0.0671562 0.800739
0 0.665102 0.350499 0.0700046 0.0691363 0.800541
0 0.758672 0.0354363 0.0414844 0.039783 0.798517
0 0.322912 0.943869 0.0315156 0.0279834 0.798224
0 0.53223 0.292361 0.0499995 0.0434141 0.797103
0 0.464782 0.118285 0.0314454 0.0288719 0.79313
0 0.0465119 0.369375 0.0762853 0.0714685 0.785843
0 0.482086 0.298053 0.0400205 0.0349312 0.785632
0 0.935503 0.353616 0.0774467 0.0744177 0.785009
0 0.394312 0.37212 0.0332837 0.0286538 0.784903
0 0.503546 0.0289142 0.0334129 0.029238 0.783679
0 0.799175 0.442944 0.038638 0.0347725 0.782108
0 0.149624 0.108376 0.0783161 0.0718585 0.781529
0 0.577526 0.303902 0.0334477 0.0294559 0.781372
0 0.213537 0.0413872 0.0928975 0.0812862 0.780552
0 0.0232134 0.908773 0.0459729 0.0579593 0.778988
0 0.0752594 0.526418 0.150261 0.15466 0.776406
0 0.596762 0.850097 0.0376542 0.0361285 0.774772
0 0.963596 0.776919 0.0482554 0.0437198 0.772065
0 0.691347 0.0474207 0.143345 0.0948414 0.77067
0 0.271833 0.821332 0.0766583 0.0707517 0.77048
0 0.396236 0.958138 0.038689 0.0345805 0.763675
0 0.842987 0.0903568 0.0411978 0.038623 0.762712
0 0.727465 0.606958 0.149188 0.141906 0.761282
0 0.582687 0.159437 0.0360122 0.0312967 0.758429
0 0.529136 0.355265 0.0475497 0.0424606 0.757428
0 0.569297 0.525846 0.0420495 0.0374664 0.755496
0 0.500156 0.12007 0.0430974 0.0387521 0.753793
0 0.554364 0.380549 0.0324211 0.0290051 0.7527
0 0.602279 0.3744 0.0576032 0.0540782 0.748311
0 0.420836 0.894022 0.038448 0.0336632 0.735305
0 0.952356 0.122444 0.0381091 0.0339811 0.734861
0 0.970939 0.688179 0.0375896 0.0332204 0.730322
0 0.689937 0.823139 0.0868475 0.0783899 0.726928
0 0.589159 0.721079 0.0477123 0.0444125 0.723866
0 0.882734 0.273606 0.0312527 0.0271636 0.72232
0 0.534907 0.676435 0.034688 0.0294247 0.715076
0 0.0588703 0.864414 0.0714264 0.0679274 0.711268
0 0.661957 0.722332 0.0449245 0.041573 0.704406
0 0.0887639 0.261021 0.160775 0.158426 0.704185
0 0.150151 0.551782 0.0355233 0.0321953 0.686828
0 0.809195 0.0793971 0.0927131 0.0852556 0.686552
0 0.0972297 0.16604 0.0372998 0.034893 0.679394
0 0.0247933 0.659791 0.0495866 0.0557451 0.675207
0 0.15897 0.201356 0.0336573 0.0298776 0.669783
0 0.143495 0.360857 0.0298086 0.0268382 0.664814
0 0.326133 0.872595 0.0409609 0.0372378 0.662402
0 0.298274 0.785091 0.143534 0.135296 0.661996
0 0.169534 0.273033 0.0321069 0.0291033 0.661244
0 0.949701 0.668089 0.0302573 0.0270965 0.661076
0 0.965025 0.404331 0.0409579 0.0382771 0.655228
0 0.21257 0.292989 0.0548877 0.0537419 0.653654
0 0.522378 0.787567 0.0416077 0.0383947 0.629129
0 0.727664 0.491125 0.0678282 0.0621372 0.624766
0 0.083805 0.711624 0.0290739 0.0263817 0.614848
0 0.979888 0.282942 0.0343814 0.0305065 0.609869
0 0.752715 0.488185 0.0369385 0.0379664 0.605632
0 0.525341 0.609022 0.0517111 0.049832 0.597831
0 0.606499 0.132218 0.0296469 0.0272424 0.593112
0 0.378589 0.932356 0.0344572 0.0336008 0.577776
0 0.554574 0.506548 0.040576 0.0372896 0.574401
0 0.253341 0.701471 0.0627766 0.061703 0.558801
0 0.541981 0.885386 0.0393496 0.037096 0.548837
0 0.523992 0.216047 0.0531943 0.0518547 0.538688
0 0.759717 0.886228 0.037535 0.0341665 0.527745
0 0.416874 0.0162587 0.0294539 0.0269052 0.520885
0 0.79181 0.682159 0.128802 0.116694 0.515865
0 0.734052 0.117031 0.0285089 0.0257158 0.512155
0 0.952722 0.34155 0.0450546 0.041239 0.511984
0 0.877548 0.857665 0.0586116 0.0543214 0.509526
0 0.455418 0.224329 0.0288979 0.0248936 0.509347
0 0.0356624 0.97973 0.0707485 0.0405401 0.498789
0 0.240414 0.898438 0.0337411 0.0311437 0.498757
0 0.956374 0.0735194 0.0307875 0.0287856 0.495035
0 0.237401 0.521319 0.0279753 0.0248125 0.482912
0 0.0989695 0.409669 0.028726 0.025985 0.477522
0 0.98872 0.0196805 0.0225607 0.0375411 0.476691
0 0.464972 0.85394 0.0284817 0.0260537 0.475375
0 0.151592 0.408666 0.0788337 0.0808851 0.451379
0 0.579982 0.119377 0.0294333 0.0267683 0.447724
0 0.962262 0.879716 0.0749339 0.235443 0.447409
0 0.0327867 0.443421 0.0320815 0.0289893 0.441997
0 0.39535 0.479318 0.0690696 0.0663071 0.441326
0 0.403977 0.770135 0.0282174 0.0257146 0.434867
0 0.508081 0.329119 0.0416076 0.0401096 0.433999
0 0.0795013 0.11764 0.0298288 0.0275594 0.432499
0 0.190215 0.515396 0.0320544 0.0293071 0.431953
0 0.82229 0.140251 0.0628439 0.0611687 0.423187
0 0.519239 0.0877131 0.02882 0.0262233 0.398788
0 0.241478 0.339103 0.0381568 0.0358855 0.389945
0 0.985495 0.251309 0.0290104 0.0313297 0.386691
0 0.126096 0.271227 0.0348133 0.0335697 0.385452
0 0.0135839 0.821551 0.0264978 0.111452 0.382235
0 0.201563 0.5483 0.0312158 0.0282131 0.378352
0 0.910236 0.242458 0.178788 0.212575 0.365312
0 0.603029 0.0261919 0.0437214 0.0416662 0.363893
0 0.981986 0.218412 0.0315264 0.0278697 0.362463
0 0.25525 0.583933 0.0282856 0.0259987 0.362333
0 0.608902 0.987454 0.0268431 0.02332 0.342141
0 0.986658 0.722493 0.0266832 0.0322373 0.341224
0 0.619991 0.753155 0.0437883 0.0407536 0.336021
0 0.709247 0.950293 0.0457919 0.0464697 0.323461
0 0.268179 0.634282 0.0270718 0.0239536 0.316095
0 0.167899 0.427374 0.0300203 0.0274766 0.301658
0 0.204505 0.776414 0.0279306 0.0251025 0.300699
0 0.342605 0.568049 0.0334033 0.0307186 0.296163
0 0.622284 0.681547 0.0568037 0.0568228 0.282807
0 0.825946 0.889655 0.0482494 0.0480521 0.277523
0 0.257799 0.388503 0.0280707 0.0249295 0.275585
0 0.588006 0.566182 0.0357203 0.0338612 0.270351
0 0.839572 0.429238 0.0532173 0.0537386 0.269073
0 0.133697 0.426539 0.0367195 0.0325785 0.265773
0 0.863082 0.759463 0.0275861 0.0256233 0.249382
0 0.336562 0.246323 0.0298309 0.0268917 0.24889
0 0.175283 0.34712 0.0377257 0.0366913 0.241511
0 0.931919 0.934719 0.031635 0.0331302 0.238445
0 0.558903 0.858695 0.0283878 0.0250707 0.233536
0 0.690945 0.773449 0.0694568 0.0585133 0.232529
0 0.537938 0.804269 0.0361114 0.0352318 0.231413
0 0.073791 0.89458 0.0259561 0.0233257 0.211612
0 0.648173 0.847082 0.0300378 0.0281568 0.211304
0 0.556352 0.712825 0.0260069 0.0240681 0.192162
0 0.987365 0.581271 0.0252695 0.0390749 0.188734
0 0.35245 0.912756 0.0404214 0.0380771 0.184494
0 0.819503 0.805162 0.02882 0.0312757 0.179418
0 0.0918973 0.465432 0.0282913 0.0262628 0.177844
0 0.859541 0.918238 0.0271134 0.0240846 0.176786
0 0.890024 0.645385 0.0329907 0.0310092 0.171691
0 0.556868 0.104957 0.0265946 0.0241252 0.169359
0 0.79385 0.515174 0.307166 0.363809 0.168006
0 0.983287 0.160114 0.0319197 0.0310366 0.166358
0 0.534902 0.012451 0.0309316 0.0244196 0.161465
0 0.460983 0.0240775 0.045727 0.0442931 0.155427
0 0.202919 0.98625 0.0477524 0.0274991 0.150727
